LAT=52.49562636380536
LON=13.412974588572979